59 204 960 0 0 0 557581 
61 207 952 0 0 0 557582 
64 203 930 0 0 0 557583 
66 190 916 0 0 0 557584 
70 194 912 0 0 0 557585 
74 198 918 0 0 0 557586 
76 196 927 0 0 0 557587 
79 200 930 0 0 0 557588 
77 204 937 0 0 0 557589 
71 202 932 0 0 0 557590 
66 205 928 0 0 0 557590 
65 201 935 0 0 0 557591 
69 196 934 0 0 0 557593 
72 189 933 0 0 0 557593 
64 191 927 0 0 0 557594 
62 192 921 0 0 0 557595 
60 190 917 0 0 0 557596 
64 202 927 0 0 0 557597 
67 205 930 0 0 0 557598 
62 199 928 0 0 0 557599 
59 205 924 0 0 0 557600 
61 209 912 0 0 0 557601 
62 205 914 0 0 0 557602 
64 203 922 0 0 0 557603 
55 202 916 0 0 0 557604 
50 199 914 0 0 0 557605 
49 198 917 0 0 0 557606 
64 202 934 0 0 0 557607 
63 195 947 0 0 0 557608 
56 199 949 0 0 0 557609 
62 198 934 0 0 0 557610 
65 198 931 0 0 0 557611 
64 198 935 0 0 0 557612 
62 198 936 0 0 0 557613 
57 205 944 0 0 0 557614 
52 202 941 0 0 0 557615 
55 201 939 0 0 0 557616 
62 206 940 0 0 0 557617 
59 204 935 0 0 0 557618 
60 210 928 0 0 0 557619 
61 208 924 0 0 0 557620 
65 203 915 0 0 0 557621 
58 200 914 0 0 0 557622 
57 201 926 0 0 0 557623 
52 202 936 0 0 0 557624 
51 199 937 0 0 0 557625 
52 194 937 0 0 0 557626 
60 195 939 0 0 0 557627 
61 194 935 0 0 0 557628 
62 192 936 0 0 0 557629 
60 194 937 0 0 0 557630 
57 196 937 0 0 0 557631 
55 199 936 0 0 0 557632 
54 199 932 0 0 0 557633 
57 201 923 0 0 0 557634 
56 199 922 0 0 0 557635 
58 197 922 0 0 0 557636 
62 196 927 0 0 0 557637 
62 197 934 0 0 0 557638 
60 195 937 0 0 0 557639 
55 198 934 0 0 0 557640 
56 198 929 0 0 0 557641 
53 200 926 0 0 0 557642 
62 202 926 0 0 0 557643 
67 202 926 0 0 0 557644 
64 198 935 0 0 0 557645 
59 204 933 0 0 0 557646 
50 199 933 0 0 0 557647 
48 206 939 0 0 0 557648 
50 199 937 0 0 0 557649 
49 201 932 0 0 0 557650 
49 201 932 0 0 0 557651 
54 202 935 0 0 0 557652 
50 206 945 0 0 0 557653 
49 194 938 0 0 0 557654 
57 197 933 0 0 0 557655 
59 196 938 0 0 0 557656 
60 198 949 0 0 0 557657 
63 196 951 0 0 0 557658 
60 199 944 0 0 0 557659 
47 198 931 0 0 0 557660 
48 201 929 0 0 0 557661 
51 204 920 0 0 0 557662 
52 203 912 0 0 0 557663 
56 204 921 0 0 0 557664 
56 203 933 0 0 0 557665 
59 201 947 0 0 0 557666 
58 200 948 0 0 0 557667 
58 200 932 0 0 0 557668 
62 196 919 0 0 0 557669 
59 201 916 0 0 0 557670 
54 204 921 0 0 0 557671 
52 207 936 0 0 0 557672 
51 206 947 0 0 0 557673 
39 205 945 0 0 0 557674 
46 204 930 0 0 0 557675 
58 205 927 0 0 0 557676 
60 209 936 0 0 0 557677 
59 213 947 0 0 0 557678 
58 210 944 0 0 0 557679 
67 212 944 0 0 0 557680 
84 220 937 0 0 0 557681 
99 223 949 0 0 0 557682 
70 208 961 0 0 0 557683 
54 215 961 0 0 0 557684 
48 217 943 0 0 0 557685 
66 211 924 0 0 0 557686 
67 220 920 0 0 0 557687 
60 231 925 0 0 0 557688 
49 199 900 0 0 0 557689 
26 209 908 0 0 0 557690 
24 222 933 0 0 0 557691 
31 212 936 0 0 0 557692 
46 220 940 0 0 0 557693 
46 215 945 0 0 0 557694 
39 220 947 0 0 0 557695 
36 217 934 0 0 0 557696 
36 222 930 0 0 0 557697 
23 227 932 0 0 0 557698 
27 225 929 0 0 0 557699 
36 228 924 0 0 0 557700 
45 226 922 0 0 0 557701 
48 231 926 0 0 0 557702 
50 228 920 0 0 0 557703 
49 233 918 0 0 0 557704 
50 230 917 0 0 0 557705 
47 228 921 0 0 0 557706 
51 228 924 0 0 0 557707 
49 229 922 0 0 0 557708 
45 224 907 0 0 0 557709 
34 226 915 0 0 0 557710 
40 220 916 0 0 0 557711 
49 220 921 0 0 0 557712 
55 226 925 0 0 0 557713 
58 222 927 0 0 0 557714 
48 224 924 0 0 0 557715 
51 227 936 0 0 0 557716 
43 228 941 0 0 0 557717 
44 223 934 0 0 0 557718 
49 222 915 0 0 0 557719 
52 225 917 0 0 0 557720 
60 228 922 0 0 0 557721 
62 228 921 0 0 0 557722 
58 226 916 0 0 0 557723 
55 228 915 0 0 0 557724 
52 235 915 0 0 0 557725 
52 238 918 0 0 0 557726 
47 240 919 0 0 0 557727 
39 243 930 0 0 0 557728 
27 235 936 0 0 0 557729 
40 233 932 0 0 0 557730 
56 229 924 0 0 0 557731 
63 229 922 0 0 0 557732 
51 232 917 0 0 0 557733 
49 236 918 0 0 0 557734 
47 233 914 0 0 0 557735 
56 232 909 0 0 0 557736 
55 236 914 0 0 0 557737 
52 230 913 0 0 0 557738 
51 235 908 0 0 0 557739 
50 241 911 0 0 0 557740 
50 240 912 0 0 0 557741 
54 244 898 0 0 0 557742 
52 240 885 0 0 0 557743 
56 241 879 0 0 0 557744 
57 242 863 0 0 0 557745 
60 242 846 0 0 0 557746 
67 248 828 0 0 0 557747 
78 248 812 0 0 0 557748 
86 256 774 0 0 0 557749 
99 262 707 0 0 0 557750 
102 266 632 0 0 0 557751 
116 291 529 0 0 0 557752 
112 318 398 0 0 0 557753 
111 336 247 0 0 0 557754 
109 371 75 0 0 0 557755 
95 400 -78 0 0 0 557756 
56 392 -218 0 0 0 557757 
25 398 -323 0 0 0 557758 
-1 379 -396 0 0 0 557759 
1 251 -372 0 0 0 557760 
-2 70 -94 0 0 0 557761 
16 -100 293 0 0 0 557762 
11 -309 842 0 0 0 557763 
-4 -462 1513 0 0 0 557764 
-131 -598 1999 0 0 0 557765 
-68 -557 1999 0 0 0 557766 
-22 -471 1999 0 0 0 557767 
-40 -392 1999 0 0 0 557768 
11 -324 1999 0 0 0 557769 
15 -251 1999 0 0 0 557770 
42 -86 1999 0 0 0 557771 
86 8 1933 0 0 0 557772 
58 108 1749 0 0 0 557773 
25 154 1590 0 0 0 557774 
22 113 1527 0 0 0 557775 
14 96 1553 0 0 0 557776 
47 -14 1718 0 0 0 557777 
54 -60 1839 0 0 0 557777 
54 -94 1884 0 0 0 557778 
27 -152 1853 0 0 0 557780 
-8 -162 1723 0 0 0 557780 
-11 -134 1561 0 0 0 557782 
-29 -80 1374 0 0 0 557782 
-5 -40 1166 0 0 0 557783 
-14 -25 973 0 0 0 557784 
14 40 783 0 0 0 557785 
49 71 582 0 0 0 557786 
64 94 416 0 0 0 557787 
72 142 288 0 0 0 557788 
64 197 225 0 0 0 557789 
82 228 197 0 0 0 557790 
64 219 197 0 0 0 557791 
65 212 228 0 0 0 557792 
63 215 263 0 0 0 557793 
42 220 337 0 0 0 557794 
48 197 381 0 0 0 557795 
14 195 451 0 0 0 557796 
10 201 502 0 0 0 557797 
-6 205 566 0 0 0 557798 
-16 211 633 0 0 0 557799 
-12 212 683 0 0 0 557800 
-3 211 704 0 0 0 557801 
17 220 738 0 0 0 557802 
26 213 776 0 0 0 557803 
25 213 805 0 0 0 557804 
24 216 827 0 0 0 557805 
17 208 839 0 0 0 557806 
9 205 850 0 0 0 557807 
16 216 864 0 0 0 557808 
23 213 889 0 0 0 557809 
14 208 907 0 0 0 557810 
4 203 930 0 0 0 557811 
5 197 932 0 0 0 557812 
15 190 935 0 0 0 557813 
23 193 939 0 0 0 557814 
24 191 946 0 0 0 557815 
29 197 943 0 0 0 557816 
29 194 942 0 0 0 557817 
27 188 942 0 0 0 557818 
28 191 952 0 0 0 557819 
31 189 972 0 0 0 557820 
27 188 979 0 0 0 557821 
23 185 981 0 0 0 557822 
19 191 986 0 0 0 557823 
20 188 985 0 0 0 557824 
20 187 980 0 0 0 557825 
23 192 978 0 0 0 557826 
26 193 976 0 0 0 557827 
30 196 966 0 0 0 557828 
26 199 960 0 0 0 557829 
21 206 953 0 0 0 557830 
18 207 949 0 0 0 557831 
14 200 941 0 0 0 557832 
16 199 929 0 0 0 557833 
15 202 935 0 0 0 557834 
19 194 930 0 0 0 557835 
16 188 917 0 0 0 557836 
17 189 921 0 0 0 557837 
20 186 933 0 0 0 557838 
15 181 937 0 0 0 557839 
15 181 937 0 0 0 557840 
18 181 929 0 0 0 557841 
10 179 926 0 0 0 557842 
11 182 923 0 0 0 557843 
9 178 915 0 0 0 557844 
15 184 916 0 0 0 557845 
20 185 915 0 0 0 557846 
25 191 918 0 0 0 557847 
26 193 920 0 0 0 557848 
25 194 928 0 0 0 557849 
15 191 931 0 0 0 557850 
19 192 937 0 0 0 557851 
24 190 933 0 0 0 557852 
21 194 938 0 0 0 557853 
23 192 941 0 0 0 557854 
19 195 943 0 0 0 557855 
20 186 940 0 0 0 557856 
19 189 935 0 0 0 557857 
16 186 940 0 0 0 557858 
20 180 944 0 0 0 557859 
25 182 946 0 0 0 557860 
8 178 942 0 0 0 557861 
30 203 937 0 0 0 557862 
31 193 935 0 0 0 557863 
18 192 933 0 0 0 557864 
1 192 937 0 0 0 557865 
6 198 938 0 0 0 557866 
9 197 937 0 0 0 557867 
14 197 937 0 0 0 557868 
15 191 937 0 0 0 557869 
12 192 932 0 0 0 557870 
14 201 925 0 0 0 557871 
11 187 916 0 0 0 557872 
8 195 902 0 0 0 557873 
17 197 905 0 0 0 557874 
9 206 919 0 0 0 557875 
15 202 920 0 0 0 557876 
12 212 925 0 0 0 557877 
14 228 946 0 0 0 557878 
-2 222 919 0 0 0 557879 
11 216 924 0 0 0 557880 
36 192 941 0 0 0 557881 
52 163 964 0 0 0 557882 
58 160 959 0 0 0 557883 
45 192 939 0 0 0 557884 
46 197 930 0 0 0 557885 
43 203 920 0 0 0 557886 
33 211 929 0 0 0 557887 
40 213 939 0 0 0 557888 
55 204 936 0 0 0 557889 
59 204 932 0 0 0 557890 
56 199 921 0 0 0 557891 
55 192 919 0 0 0 557892 
60 191 922 0 0 0 557893 
61 195 934 0 0 0 557894 
66 198 944 0 0 0 557895 
73 204 935 0 0 0 557896 
76 207 925 0 0 0 557897 
80 210 934 0 0 0 557898 
78 207 946 0 0 0 557899 
79 203 950 0 0 0 557900 
77 193 937 0 0 0 557901 
74 198 934 0 0 0 557902 
77 195 938 0 0 0 557903 
81 198 938 0 0 0 557904 
81 209 935 0 0 0 557905 
77 204 926 0 0 0 557906 
73 200 914 0 0 0 557907 
63 202 925 0 0 0 557908 
64 203 943 0 0 0 557909 
68 198 942 0 0 0 557910 
73 205 932 0 0 0 557911 
79 209 928 0 0 0 557912 
79 207 927 0 0 0 557913 
79 204 927 0 0 0 557914 
70 208 931 0 0 0 557915 
67 205 917 0 0 0 557916 
72 204 907 0 0 0 557917 
68 205 926 0 0 0 557918 
73 200 940 0 0 0 557919 
75 199 943 0 0 0 557920 
73 203 936 0 0 0 557921 
74 203 921 0 0 0 557922 
72 203 910 0 0 0 557923 
71 204 920 0 0 0 557924 
71 208 931 0 0 0 557925 
72 204 931 0 0 0 557926 
76 199 927 0 0 0 557927 
74 200 928 0 0 0 557928 
76 208 924 0 0 0 557929 
73 207 923 0 0 0 557930 
69 203 932 0 0 0 557931 
73 198 895 0 0 0 557932 
79 201 902 0 0 0 557933 
69 201 935 0 0 0 557934 
80 206 942 0 0 0 557935 
83 206 944 0 0 0 557936 
86 210 953 0 0 0 557937 
92 207 964 0 0 0 557938 
91 198 956 0 0 0 557939 
79 202 939 0 0 0 557940 
76 204 930 0 0 0 557941 
83 205 917 0 0 0 557942 
96 207 907 0 0 0 557943 
83 208 906 0 0 0 557944 
66 209 909 0 0 0 557945 
67 206 917 0 0 0 557946 
